-436.341
-436.729
-436.521
-435.621
-433.89
-432.052
-431.53
-431.714
-433.222
-437.413
-441.117
-442.85
-444.83
-445.388
-444.071
-442.802
-443.364
-446.723
-447.089
-445.086
-443.174
-441.663
-447.331
-451.586
-456.781
-463.115
-471.001
-478.749
-490.109
-534.315
-684.12
-1003.4
-1464.24
-1976.35
-2454.52
-2834.16
-3096.44
-3249.8
-3319.15
-3331.46
-3305.29
-3257.89
-3204.33
-3154.03
-3110.01
-3073.59
-3041.92
-3013.01
-2984.66
-2959.04
-2933.94
-2906.79
-2877.76
-2844.44
-2806.75
-2769
-2722.88
-2604.53
-2320.95
-1871.44
-1350.86
-871.124
-497.882
-250.829
-115.195
-65.0991
-69.6904
-100.862
-142.7
-183.971
-215.539
-234.56
-243.504
-246.887
-246.269
-243.188
-237.917
-233.61
-230.707
-228.316
-227.443
-227.813
-228.814
-228.408
-227.484
-225.187
-224.012
-222.476
-222.354
-222.871
-225.417
-231.207
-239.667
-249.126
-259.485
-266.834
-272.057
-276.841
-278.828
-280.63
-283.513
-285.952
-287.338
-290.173
-293.008
-296.525
-300.001
-302.884
-304.917
-306.418
-308.196
-307.678
-307.719
-306.301
-307.014
-306.879
-305.902
-297.566
-277.756
204.301
205.208
204.301
208.836
204.301
198.86
206.115
196.139
200.674
