0
1.4
-2.9
1.4
-2.9
-0.3
0.4
0
-3.3
-0.5
1
-2.3
-0.6
-9
-0.6
0.3
1.5
-4.4
-6.7
-2.5
-2.2
1.5
-0.7
-10.7
-2
-0.9
-1.4
-4
-16.7
-14.3
-24.4
-37.4
-58.2
-88.9
-109.1
-132.4
-154
-178
-190.8
-191.9
-200.4
-193.2
-201.1
-190.2
-183.4
-176.3
-169.5
-155.6
-154
-151.9
-138.5
-132.1
-119.2
-115.4
-106.7
-90.3
-93.6
-90.3
-80.2
-79
-79.5
-66.9
-66.2
-58.9
-59
-52.9
-54.3
-47.7
-46.5
-38.1
-39.1
-34.1
-30.2
-36.2
-36.8
-28.6
-29.8
-31.3
-19.6
-25.2
-28.1
-19.5
-23.2
-26.8
-15
-17.2
-20.3
-13.6
-13.9
-1.6
-9.3
-11.7
-14
-5.6
-12.3
-19
-7.9
-12.4
-15.4
-10
-11.9
-18
-9.5
-13
-22.6
-9.8
-13.9
-18.4
-5.2
-15.7
-16.1
-11.5
-11.9
-11.9
-7.5
-13.6
-11.7
-9.7
-9.8
-10.8
-24.7
-7.6
-4
-7.8
-11.5
-6.4
-15.1
-8.4
