132
11
12
1.531  1.526
1.531  4.578
1.531  7.63
1.531  10.682
1.531  13.734
1.531  16.786
1.531  19.838
1.531  22.89
1.531  25.942
1.531  28.994
1.531  32.046
1.531  35.098
4.593  1.526
4.593  4.578
4.593  7.63
4.593  10.682
4.593  13.734
4.593  16.786
4.593  19.838
4.593  22.89
4.593  25.942
4.593  28.994
4.593  32.046
4.593  35.098
7.655  1.526
7.655  4.578
7.655  7.63
7.655  10.682
7.655  13.734
7.655  16.786
7.655  19.838
7.655  22.89
7.655  25.942
7.655  28.994
7.655  32.046
7.655  35.098
10.717  1.526
10.717  4.578
10.717  7.63
10.717  10.682
10.717  13.734
10.717  16.786
10.717  19.838
10.717  22.89
10.717  25.942
10.717  28.994
10.717  32.046
10.717  35.098
13.779  1.526
13.779  4.578
13.779  7.63
13.779  10.682
13.779  13.734
13.779  16.786
13.779  19.838
13.779  22.89
13.779  25.942
13.779  28.994
13.779  32.046
13.779  35.098
16.841  1.526
16.841  4.578
16.841  7.63
16.841  10.682
16.841  13.734
16.841  16.786
16.841  19.838
16.841  22.89
16.841  25.942
16.841  28.994
16.841  32.046
16.841  35.098
19.903  1.526
19.903  4.578
19.903  7.63
19.903  10.682
19.903  13.734
19.903  16.786
19.903  19.838
19.903  22.89
19.903  25.942
19.903  28.994
19.903  32.046
19.903  35.098
22.965  1.526
22.965  4.578
22.965  7.63
22.965  10.682
22.965  13.734
22.965  16.786
22.965  19.838
22.965  22.89
22.965  25.942
22.965  28.994
22.965  32.046
22.965  35.098
26.027  1.526
26.027  4.578
26.027  7.63
26.027  10.682
26.027  13.734
26.027  16.786
26.027  19.838
26.027  22.89
26.027  25.942
26.027  28.994
26.027  32.046
26.027  35.098
29.089  1.526
29.089  4.578
29.089  7.63
29.089  10.682
29.089  13.734
29.089  16.786
29.089  19.838
29.089  22.89
29.089  25.942
29.089  28.994
29.089  32.046
29.089  35.098
32.151  1.526
32.151  4.578
32.151  7.63
32.151  10.682
32.151  13.734
32.151  16.786
32.151  19.838
32.151  22.89
32.151  25.942
32.151  28.994
32.151  32.046
32.151  35.098
16.841  18.312
