10 0 1 2 3 4 5 6 7 8 9
10 0 1 2 3 4 5 6 7 8 9
10 0 1 2 3 4 5 6 7 8 9
10 0 1 2 3 4 5 6 7 8 9
10 0 1 2 3 4 5 6 7 8 9
0
10 90 91 92 93 94 95 96 97 98 99
10 90 91 92 93 94 95 96 97 98 99
10 90 91 92 93 94 95 96 97 98 99
10 90 91 92 93 94 95 96 97 98 99
10 90 91 92 93 94 95 96 97 98 99
15 0 1 2 3 4 5 6 7 8 9 10 11 12 13 14
15 0 1 2 3 4 5 6 7 8 9 10 11 12 13 14
15 0 1 2 3 4 5 6 7 8 9 10 11 12 13 14
15 0 1 2 3 4 5 6 7 8 9 10 11 12 13 14
15 0 1 2 3 4 5 6 7 8 9 10 11 12 13 14
10 0 1 2 3 4 95 96 97 98 99
15 85 86 87 88 89 90 91 92 93 94 95 96 97 98 99
15 85 86 87 88 89 90 91 92 93 94 95 96 97 98 99
15 85 86 87 88 89 90 91 92 93 94 95 96 97 98 99
15 85 86 87 88 89 90 91 92 93 94 95 96 97 98 99
15 85 86 87 88 89 90 91 92 93 94 95 96 97 98 99
20 0 1 2 3 4 5 6 7 8 9 10 11 12 13 14 15 16 17 18 19
20 0 1 2 3 4 5 6 7 8 9 10 11 12 13 14 15 16 17 18 19
20 0 1 2 3 4 5 6 7 8 9 10 11 12 13 14 15 16 17 18 19
20 0 1 2 3 4 5 6 7 8 9 10 11 12 13 14 15 16 17 18 19
20 0 1 2 3 4 5 6 7 8 9 10 11 12 13 14 15 16 17 18 19
30 0 1 2 3 4 5 6 7 8 9 10 11 12 13 14 85 86 87 88 89 90 91 92 93 94 95 96 97 98 99
20 80 81 82 83 84 85 86 87 88 89 90 91 92 93 94 95 96 97 98 99
20 80 81 82 83 84 85 86 87 88 89 90 91 92 93 94 95 96 97 98 99
20 80 81 82 83 84 85 86 87 88 89 90 91 92 93 94 95 96 97 98 99
20 80 81 82 83 84 85 86 87 88 89 90 91 92 93 94 95 96 97 98 99
20 80 81 82 83 84 85 86 87 88 89 90 91 92 93 94 95 96 97 98 99
25 0 1 2 3 4 5 6 7 8 9 10 11 12 13 14 15 16 17 18 19 20 21 22 23 24
25 0 1 2 3 4 5 6 7 8 9 10 11 12 13 14 15 16 17 18 19 20 21 22 23 24
25 0 1 2 3 4 5 6 7 8 9 10 11 12 13 14 15 16 17 18 19 20 21 22 23 24
25 0 1 2 3 4 5 6 7 8 9 10 11 12 13 14 15 16 17 18 19 20 21 22 23 24
30 0 1 2 3 4 5 6 7 8 9 10 11 12 13 14 15 16 17 18 19 20 21 22 23 24 25 26 27 28 29
40 0 1 2 3 4 5 6 7 8 9 10 11 12 13 14 15 16 17 18 19 80 81 82 83 84 85 86 87 88 89 90 91 92 93 94 95 96 97 98 99
30 70 71 72 73 74 75 76 77 78 79 80 81 82 83 84 85 86 87 88 89 90 91 92 93 94 95 96 97 98 99
25 75 76 77 78 79 80 81 82 83 84 85 86 87 88 89 90 91 92 93 94 95 96 97 98 99
25 75 76 77 78 79 80 81 82 83 84 85 86 87 88 89 90 91 92 93 94 95 96 97 98 99
25 75 76 77 78 79 80 81 82 83 84 85 86 87 88 89 90 91 92 93 94 95 96 97 98 99
25 75 76 77 78 79 80 81 82 83 84 85 86 87 88 89 90 91 92 93 94 95 96 97 98 99
20 5 6 7 8 9 10 11 12 13 14 15 16 17 18 19 20 21 22 23 24
30 0 1 2 3 4 5 6 7 8 9 10 11 12 13 14 15 16 17 18 19 20 21 22 23 24 25 26 27 28 29
30 0 1 2 3 4 5 6 7 8 9 10 11 12 13 14 15 16 17 18 19 20 21 22 23 24 25 26 27 28 29
35 0 1 2 3 4 5 6 7 8 9 10 11 12 13 14 15 16 17 18 19 20 21 22 23 24 25 26 27 28 29 30 31 32 33 34
45 0 1 2 3 4 5 6 7 8 9 10 11 12 13 14 15 16 17 18 19 20 21 22 23 24 25 26 27 28 29 30 31 32 33 34 35 36 37 38 39 40 41 42 43 44
60 2 3 4 7 8 9 12 13 14 17 18 19 22 23 24 27 28 29 32 33 34 37 38 39 42 43 44 47 48 49 52 53 54 57 58 59 62 63 64 67 68 69 72 73 74 77 78 79 82 83 84 87 88 89 92 93 94 97 98 99
45 55 56 57 58 59 60 61 62 63 64 65 66 67 68 69 70 71 72 73 74 75 76 77 78 79 80 81 82 83 84 85 86 87 88 89 90 91 92 93 94 95 96 97 98 99
35 65 66 67 68 69 70 71 72 73 74 75 76 77 78 79 80 81 82 83 84 85 86 87 88 89 90 91 92 93 94 95 96 97 98 99
30 70 71 72 73 74 75 76 77 78 79 80 81 82 83 84 85 86 87 88 89 90 91 92 93 94 95 96 97 98 99
30 70 71 72 73 74 75 76 77 78 79 80 81 82 83 84 85 86 87 88 89 90 91 92 93 94 95 96 97 98 99
20 75 76 77 78 79 80 81 82 83 84 85 86 87 88 89 90 91 92 93 94
25 5 6 7 8 9 10 11 12 13 14 15 16 17 18 19 20 21 22 23 24 25 26 27 28 29
30 5 6 7 8 9 10 11 12 13 14 15 16 17 18 19 20 21 22 23 24 25 26 27 28 29 30 31 32 33 34
30 5 6 7 8 9 10 11 12 13 14 15 16 17 18 19 20 21 22 23 24 25 26 27 28 29 30 31 32 33 34
45 0 1 2 3 4 5 6 7 8 9 10 11 12 13 14 15 16 17 18 19 20 21 22 23 24 25 26 27 28 29 30 31 32 33 34 35 36 37 38 39 40 41 42 43 44
60 0 1 2 3 4 5 6 7 8 9 10 11 12 13 14 15 16 17 18 19 20 21 22 23 24 25 26 27 28 29 30 31 32 33 34 35 36 37 38 39 40 41 42 43 44 45 46 47 48 49 50 51 52 53 54 55 56 57 58 59
60 2 3 4 7 8 9 12 13 14 17 18 19 22 23 24 27 28 29 32 33 34 37 38 39 42 43 44 47 48 49 52 53 54 57 58 59 62 63 64 67 68 69 72 73 74 77 78 79 82 83 84 87 88 89 92 93 94 97 98 99
60 40 41 42 43 44 45 46 47 48 49 50 51 52 53 54 55 56 57 58 59 60 61 62 63 64 65 66 67 68 69 70 71 72 73 74 75 76 77 78 79 80 81 82 83 84 85 86 87 88 89 90 91 92 93 94 95 96 97 98 99
45 55 56 57 58 59 60 61 62 63 64 65 66 67 68 69 70 71 72 73 74 75 76 77 78 79 80 81 82 83 84 85 86 87 88 89 90 91 92 93 94 95 96 97 98 99
30 65 66 67 68 69 70 71 72 73 74 75 76 77 78 79 80 81 82 83 84 85 86 87 88 89 90 91 92 93 94
30 65 66 67 68 69 70 71 72 73 74 75 76 77 78 79 80 81 82 83 84 85 86 87 88 89 90 91 92 93 94
25 70 71 72 73 74 75 76 77 78 79 80 81 82 83 84 85 86 87 88 89 90 91 92 93 94
25 10 11 12 13 14 15 16 17 18 19 20 21 22 23 24 25 26 27 28 29 30 31 32 33 34
25 10 11 12 13 14 15 16 17 18 19 20 21 22 23 24 25 26 27 28 29 30 31 32 33 34
30 10 11 12 13 14 15 16 17 18 19 20 21 22 23 24 25 26 27 28 29 30 31 32 33 34 35 36 37 38 39
30 15 16 17 18 19 20 21 22 23 24 25 26 27 28 29 30 31 32 33 34 35 36 37 38 39 40 41 42 43 44
45 15 16 17 18 19 20 21 22 23 24 25 26 27 28 29 30 31 32 33 34 35 36 37 38 39 40 41 42 43 44 45 46 47 48 49 50 51 52 53 54 55 56 57 58 59
40 30 31 32 33 34 35 36 37 38 39 40 41 42 43 44 45 46 47 48 49 50 51 52 53 54 55 56 57 58 59 60 61 62 63 64 65 66 67 68 69
45 40 41 42 43 44 45 46 47 48 49 50 51 52 53 54 55 56 57 58 59 60 61 62 63 64 65 66 67 68 69 70 71 72 73 74 75 76 77 78 79 80 81 82 83 84
30 55 56 57 58 59 60 61 62 63 64 65 66 67 68 69 70 71 72 73 74 75 76 77 78 79 80 81 82 83 84
30 60 61 62 63 64 65 66 67 68 69 70 71 72 73 74 75 76 77 78 79 80 81 82 83 84 85 86 87 88 89
25 65 66 67 68 69 70 71 72 73 74 75 76 77 78 79 80 81 82 83 84 85 86 87 88 89
25 65 66 67 68 69 70 71 72 73 74 75 76 77 78 79 80 81 82 83 84 85 86 87 88 89
25 15 16 17 18 19 20 21 22 23 24 25 26 27 28 29 30 31 32 33 34 35 36 37 38 39
25 15 16 17 18 19 20 21 22 23 24 25 26 27 28 29 30 31 32 33 34 35 36 37 38 39
25 20 21 22 23 24 25 26 27 28 29 30 31 32 33 34 35 36 37 38 39 40 41 42 43 44
30 20 21 22 23 24 25 26 27 28 29 30 31 32 33 34 35 36 37 38 39 40 41 42 43 44 45 46 47 48 49
30 25 26 27 28 29 30 31 32 33 34 35 36 37 38 39 40 41 42 43 44 45 46 47 48 49 50 51 52 53 54
30 35 36 37 38 39 40 41 42 43 44 45 46 47 48 49 50 51 52 53 54 55 56 57 58 59 60 61 62 63 64
30 45 46 47 48 49 50 51 52 53 54 55 56 57 58 59 60 61 62 63 64 65 66 67 68 69 70 71 72 73 74
30 50 51 52 53 54 55 56 57 58 59 60 61 62 63 64 65 66 67 68 69 70 71 72 73 74 75 76 77 78 79
25 55 56 57 58 59 60 61 62 63 64 65 66 67 68 69 70 71 72 73 74 75 76 77 78 79
25 60 61 62 63 64 65 66 67 68 69 70 71 72 73 74 75 76 77 78 79 80 81 82 83 84
25 60 61 62 63 64 65 66 67 68 69 70 71 72 73 74 75 76 77 78 79 80 81 82 83 84
20 20 21 22 23 24 25 26 27 28 29 30 31 32 33 34 35 36 37 38 39
20 20 21 22 23 24 25 26 27 28 29 30 31 32 33 34 35 36 37 38 39
20 25 26 27 28 29 30 31 32 33 34 35 36 37 38 39 40 41 42 43 44
25 25 26 27 28 29 30 31 32 33 34 35 36 37 38 39 40 41 42 43 44 45 46 47 48 49
25 30 31 32 33 34 35 36 37 38 39 40 41 42 43 44 45 46 47 48 49 50 51 52 53 54
30 35 36 37 38 39 40 41 42 43 44 45 46 47 48 49 50 51 52 53 54 55 56 57 58 59 60 61 62 63 64
25 45 46 47 48 49 50 51 52 53 54 55 56 57 58 59 60 61 62 63 64 65 66 67 68 69
25 50 51 52 53 54 55 56 57 58 59 60 61 62 63 64 65 66 67 68 69 70 71 72 73 74
20 55 56 57 58 59 60 61 62 63 64 65 66 67 68 69 70 71 72 73 74
20 60 61 62 63 64 65 66 67 68 69 70 71 72 73 74 75 76 77 78 79
20 60 61 62 63 64 65 66 67 68 69 70 71 72 73 74 75 76 77 78 79
15 25 26 27 28 29 30 31 32 33 34 35 36 37 38 39
20 25 26 27 28 29 30 31 32 33 34 35 36 37 38 39 40 41 42 43 44
20 25 26 27 28 29 30 31 32 33 34 35 36 37 38 39 40 41 42 43 44
20 30 31 32 33 34 35 36 37 38 39 40 41 42 43 44 45 46 47 48 49
20 35 36 37 38 39 40 41 42 43 44 45 46 47 48 49 50 51 52 53 54
20 40 41 42 43 44 45 46 47 48 49 50 51 52 53 54 55 56 57 58 59
20 45 46 47 48 49 50 51 52 53 54 55 56 57 58 59 60 61 62 63 64
20 50 51 52 53 54 55 56 57 58 59 60 61 62 63 64 65 66 67 68 69
20 55 56 57 58 59 60 61 62 63 64 65 66 67 68 69 70 71 72 73 74
20 55 56 57 58 59 60 61 62 63 64 65 66 67 68 69 70 71 72 73 74
15 60 61 62 63 64 65 66 67 68 69 70 71 72 73 74
