100
20
5
2
79.28
0.785398163
5.497787143
0.314159265
0.663225115
-0.3185226
0.0
-15.0
      834.610   212.220   682.544 
      868.330   339.851   550.528 
      909.012   289.682   512.415 
      877.631   170.895   635.274 
      611.518   155.384   499.875 
      636.205   248.823   403.223 
      665.938   212.181   375.392 
      642.960   125.199   465.356 

      877.733   170.784   635.142 
      909.109   289.544   512.307 
      945.459   237.826   471.59 
      916.58    128.516   584.646 
      643.062   125.088   465.224 
      666.035   212.043   375.284 
      692.62    174.23    345.517 
      671.473   94.183    428.306 

      916.670   128.404    584.507   
      945.543   237.685    471.476   
      977.370   184.668    428.348   
      951.141    85.398    531.024   
      671.563    94.071    428.167    
      692.704   174.089    345.403    
      715.998   135.287    313.839    
      696.792    62.596    389.024   
  
      951.227     85.283    530.879    
      977.448    184.526    428.230    
     1004.525    130.612    383.022   
      981.076     41.862    474.816   
      696.877     62.481    388.879   
      716.076    135.145    313.721   
      735.893     95.686    280.634   
      718.724     30.702    347.848   

      981.149     41.747    474.665   
     1004.590    130.468    382.899   
     1026.786     75.919    335.830   
     1006.232     -1.877    416.295   
      718.797     30.587    347.696   
      735.959     95.542    280.511   
      752.203     55.619    246.062   
      737.154     -1.341    304.976   

     1006.292     -1.993    416.137   
     1026.839     75.774    335.703   
     1044.045     20.856    287.002   
     1026.485    -45.606    355.745   
      737.214     -1.456    304.818   
      752.256     55.473    245.935   
      764.849     15.280    210.292   
      751.993    -33.377    260.618   

     1026.532    -45.722    355.582   
     1044.084     20.710    286.871   
     1056.217    -34.309    236.777   
     1041.737    -89.113    293.461   
      752.040    -33.492    260.456   
      764.888     15.134    210.161   
      773.768    -25.133    173.498   
      763.169    -65.250    214.990   

      1041.776    -89.2253    293.300  
      1056.249    -34.4550    236.644  
      1063.204    -89.1609    185.529  
      1051.867    -132.070    229.910  
      763.208    -65.3623    214.829  
      773.800    -25.2790    173.365  
      778.878    -65.2776    135.990  
      770.580    -96.6901    168.477  

      1051.893    -132.181    229.746  
      1063.222    -89.3064    185.393  
      1064.979    -143.432    133.510  
      1056.833    -174.271    165.400  
      770.606    -96.8011    168.313  
      778.897    -65.4231    135.854  
      780.161    -104.958    97.9525  
      774.198    -127.547    121.304  


