  3.593178    
 -4.265548    
  3.593178    
 -4.265548    
  1.000262    
 -1.162146    
 -1.145513    
 -2.145554    
  6.704007    
 0.9932873    
  4.747073    
 -1.627720    
 -2.793923    
  2.358330    
 0.9332488    
  5.286409    
 -3.183004    
 -14.04764    
 -6.693006    
  1.353322    
 -15.32979    
 -1.204260    
 -15.04434    
 -5.054414    
 -.8651552    
  6.794734    
 -2.065600    
 -19.55392    
 -18.26545    
 -30.09275    
 -78.24145    
 -126.2875    
 -197.7973    
 -251.6661    
 -314.5463    
 -373.4919    
 -435.2473    
 -468.1292    
 -485.2656    
 -512.4907    
 -516.4849    
 -514.0639    
 -496.4791    
 -481.6043    
 -469.5972    
 -458.1910    
 -418.0444    
 -404.3380    
 -399.3909    
 -359.1794    
 -338.4482    
 -315.4695    
 -298.8709    
 -279.0963    
 -254.8106    
 -252.0305    
 -242.2885    
 -216.7837    
 -202.3801    
 -202.3258    
 -172.9291    
 -159.8254    
 -140.8536    
 -155.3596    
 -135.8864    
 -120.5231    
 -122.6973    
 -125.2383    
 -106.3054    
 -104.9677    
 -103.6665    
 -86.30196    
 -88.11652    
 -84.24338    
 -85.20339    
 -80.79491    
 -78.64840    
 -63.67638    
 -60.37331    
 -56.31362    
 -66.23424    
 -57.95456    
 -62.23059    
 -50.40750    
 -41.32829    
 -41.44654    
 -49.05088    
 -36.37937    
 -41.55007    
 -44.41606    
 -33.32453    
 -25.73333    
 -40.98441    
 -37.46498    
 -37.75753    
 -42.13746    
 -30.31891    
 -31.66029    
 -41.03521    
 -30.51705    
 -37.29278    
 -35.09318    
 -28.07640    
 -31.53258    
 -37.54171    
 -33.94573    
 -47.50840    
 -36.86235    
 -28.23739    
 -27.64335    
 -22.42552    
 -24.53437    
 -46.21292    
 -23.03901    
 -26.23417    
 -37.54679    
 -23.87306    
 -27.89053    
 -30.83921    
 -14.80879    
 -30.08575    
 -30.12481    
 -15.47036    
 -27.99774    
 -37.93622    
 -25.33356    
 -28.24738    
 -21.03264    
