5.71062
4.26051
5.71062
4.26051
3.57889
3.84521
3.78693
4.23855
4.05692
3.5275
3.18716
3.50594
3.93226
5.23717
5.7124
5.388
5.63315
5.47426
4.91116
4.7956
4.34597
3.68798
3.57369
3.66306
5.77889
6.90829
7.34289
4.8263
2.89345
1.68423
0.619429
0.345594
1.00782
1.85799
3.25511
3.23854
3.3972
3.70222
4.09271
3.79247
1.72021
-0.584033
-1.36431
1.32677
8.84056
23.0632
48.881
90.2001
146.882
217.638
297.225
379.59
455.595
517.241
560.329
583.721
588.818
578.007
554.018
519.836
481.519
443.915
409.448
378.274
352.076
328.767
307.148
286.993
268.469
251.94
236.558
221.707
208.429
195.966
184.531
174.016
164.769
156.539
148.378
141.413
134.302
127.136
121.01
115.298
109.143
103.621
98.2552
94.2618
90.3439
86.7009
82.511
78.334
73.7089
69.7437
66.3672
63.2111
61.0747
58.5613
56.7289
54.4209
52.6662
51.5842
50.1635
48.3295
45.9693
44.1434
42.6914
41.7609
41.3417
40.2097
38.8382
37.4018
35.8511
34.9096
34.3908
33.4987
32.3615
30.8565
29.7308
29.2043
28.5752
28.2576
27.5885
26.9723
26.342
25.9838
25.8297
24.6283
