2.98999
-4.82996
2.64001
-4.82996
3.52129
0.940992
1.00312
1.56549
0.286002
1.78447
0.650111
1.2383
1.34196
1.19796
1.23293
0.410049
1.54638
0.0866934
0.734508
0.852287
0.657573
1.10373
1.40194
3.02715
12.1095
48.0239
135.542
272.328
427.263
557.888
633.518
650.272
623.473
566.005
493.639
416.911
346.837
285.631
234.44
192.569
158.967
131.71
111.605
97.022
84.4907
74.0536
65.59
56.9862
49.917
41.8488
33.9931
28.2728
25.0562
22.3234
21.2558
20.423
19.1327
18.3102
16.7566
14.1666
12.1389
9.38588
8.07908
7.83105
7.58031
7.86038
8.29197
8.28444
7.88969
6.9489
5.9629
4.51776
4.50534
4.12235
4.37627
5.36218
5.75644
7.03641
7.05339
7.17091
7.22533
6.92237
6.9733
6.56656
6.24588
6.73228
6.99884
7.07642
7.35637
7.39295
6.9362
6.66929
6.42161
6.18365
6.80381
7.18151
8.85142
9.13788
11.2005
11.7703
12.6985
13.3896
14.4594
14.9352
14.4548
14.8825
13.5636
13.2221
11.9462
10.814
10.0981
8.98001
9.13675
7.90434
7.44496
7.12417
6.36667
6.35951
6.23559
5.8104
6.1154
4.99145
5.3391
4.34428
4.38791
3.60125
3.83811
3.06337
