-2.98999
4.82996
-2.64001
4.82996
2.65002
4.64001
2.72998
-1.93005
2.16003
1.81006
-0.73999
-9.18005
-0.5
-1.65002
-6.05005
-5.38
-6.03003
2.58997
-3.71997
-9.52002
-3.42004
-2.89001
1.63
-4.44995
-14.26
-66.63
-177.44
-352.71
-530.74
-677.86
-748.9
-770.36
-733.85
-655.47
-557.68
-469.11
-382.46
-309.78
-244.91
-200.45
-170.21
-137.02
-113.51
-97.23
-88.34
-85.66
-67.5
-67.11
-61.0699
-55.4301
-42.47
-32.74
-28.2
-23.86
-18.52
-24
-20.5
-15.76
-18.62
-25.98
-17.21
-12.6801
-11.1801
-13.53
-6.35999
-0.709961
-8.76001
-10.04
1.02002
-7.89001
-12.17
-0.680054
-5.70996
-10.6899
-2.06995
-0.219971
-4.85999
-5.68994
-3.31006
-5.81006
-3.40002
-3.03003
-1.68005
0.209961
0.890015
1.81006
-1.44995
-2.29004
-0.430054
-4.44995
-2.18994
1.32996
-2.62
-3.22998
2.68994
-4.93005
-7.91003
-8.80005
-8.78003
-12.83
-13.41
-9.81006
-7.53003
-13.5
-1.47998
-10.49
-11.4399
-1.59998
-8.29004
-12.21
-5.52002
-9.31006
-8.01001
-7.93005
-6.06006
-6.03003
-9.94995
-5.69995
-2.88
-10.63
-2.75
-6.76001
-7.54004
-0.619995
-2.52002
0.72998
-3.56006
-4.73999
