-7.18
-12.18
1.82
-5.18
-4.18
-4.18
-3.18
-3.18
-1.18
1.82
-2.18
-0.18
-3.18
1.82
-0.18
1.82
-3.18
1.82
-1.18
0.82
-0.18
-5.18
-1.18
-1.18
-4.18
0.82
1.82
5.82
-0.18
1.82
-2.18
1.82
-4.18
3.82
4.82
0.82
1.82
2.82
-1.18
-1.18
-2.18
-0.18
-5.18
-0.18
-13.18
-3.18
-2.18
-3.18
-2.18
2.82
1.82
-2.18
-16.18
-60.18
-153.18
-275.18
-378.18
-436.18
-459.18
-441.18
-407.18
-346.18
-281.18
-235.18
-192.18
-153.18
-124.18
-93.18
-74.18
-55.18
-42.18
-33.18
-33.18
-20.18
-19.18
-14.18
-16.18
-17.18
-11.18
-9.18
-13.18
-9.18
-21.18
-12.18
-12.18
-12.18
-8.18
-13.18
-4.18
-1.18
-5.18
-4.18
-16.18
-6.18
-8.18
-4.18
-5.18
-9.18
-7.18
-3.18
-4.18
-3.18
-5.18
-2.18
-7.18
-7.18
-12.18
-2.18
-7.18
-1.18
-11.18
-7.18
-6.18
-5.18
-10.18
-9.18
-11.18
-10.18
-9.18
-3.18
-8.18
-8.18
-10.18
-5.18
-14.18
-4.18
-5.18
-5.18
